[Calibration]
X-00pos=13.58884646
Y-00pos=19.83883495