[Calibration]
X-00pos=13.58884646
Y-00pos=19.83883495

[Camera]
framerate=30
height=768
width=1024
use_video_port=True